Resp charges for organic molecule

 &cntrl

 nmol = 1,
 ihfree = 1,
 ioutopt = 1,
 iqopt = 2,
 qwt =  0.00100,

 &end
    1.0
Resp charges for organic molecule
    0   64
    6    0
    7  -99
    6  -99
    8  -99
    6  -99
    6    0
    6    0
    6    0
    6    0
    6  -99
    6  -99
    6    9
    6    8
    6    7
    6  -99
    6    6
    7  -99
    6  -99
    6    0
    8  -99
    6  -99
    8  -99
    7  -99
    6    1
    7  -99
    6  -99
    6   19
    8  -99
    1    0
    1   29
    1   29
    1  -99
    1    0
    1   33
    1   33
    1    0
    1   36
    1    0
    1   38
    1    0
    1   40
    1  -99
    1  -99
    1   40
    1   40
    1   38
    1   38
    1   36
    1   36
    1   33
    1   33
    1   33
    1  -99
    1    0
    1   54
    1   54
    1  -99
    1   29
    1   29
    1   29
    1  -99
    1   54
    1   54
    1   54

