
Resp charges for organic molecule                                               

iqopt   irstrnt  ihfree     qwt
  2      1      1        0.001000

 rel.rms   dipole mom       Qxx      Qyy      Qzz
    0.14297   6.19604 -15.97382 -12.26730  28.24112

          Point charges before & after optimization
    NO   At.No.    q0           q(opt)   IVARY  d(rstr)/dq 
     1     6  -0.199943      -0.341118    0    0.002813
     2     7  -0.566687      -0.566687  -99    0.001738
     3     6   0.790124       0.790124  -99    0.001256
     4     8  -0.614409      -0.614409  -99    0.001606
     5     6   0.087604       0.087604  -99    0.007522
     6     6  -0.452521      -0.403957    0    0.002403
     7     6  -0.087950      -0.074808    0    0.008008
     8     6  -0.076265       0.009178    0    0.009958
     9     6  -0.053105      -0.052011    0    0.008872
    10     6  -0.205485      -0.205485  -99    0.004376
    11     6  -0.205485      -0.205485  -99    0.004376
    12     6  -0.043134      -0.052011    9    0.008872
    13     6  -0.023456       0.009178    8    0.009958
    14     6  -0.066933      -0.074808    7    0.008008
    15     6   0.087604       0.087604  -99    0.007522
    16     6  -0.372625      -0.403957    6    0.002403
    17     7  -0.687760      -0.687760  -99    0.001439
    18     6   0.892748       0.892748  -99    0.001113
    19     6  -0.483989      -0.355970    0    0.002705
    20     8  -0.657967      -0.657967  -99    0.001503
    21     6   0.790124       0.790124  -99    0.001256
    22     8  -0.614409      -0.614409  -99    0.001606
    23     7  -0.566687      -0.566687  -99    0.001738
    24     6  -0.249278      -0.341118    1    0.002813
    25     7  -0.687760      -0.687760  -99    0.001439
    26     6   0.892748       0.892748  -99    0.001113
    27     6  -0.547902      -0.355970   19    0.002705
    28     8  -0.657967      -0.657967  -99    0.001503
    29     1   0.117156       0.148497    0    0.000000
    30     1   0.100706       0.148497   29    0.000000
    31     1   0.116578       0.148497   29    0.000000
    32     1   0.393602       0.393602  -99    0.000000
    33     1   0.144315       0.126805    0    0.000000
    34     1   0.097729       0.126805   33    0.000000
    35     1   0.159224       0.126805   33    0.000000
    36     1   0.076256       0.038037    0    0.000000
    37     1   0.063476       0.038037   36    0.000000
    38     1   0.071481       0.012783    0    0.000000
    39     1   0.041186       0.012783   38    0.000000
    40     1   0.041746       0.066309    0    0.000000
    41     1   0.070797       0.066309   40    0.000000
    42     1   0.119621       0.119621  -99    0.000000
    43     1   0.119621       0.119621  -99    0.000000
    44     1   0.052513       0.066309   40    0.000000
    45     1   0.085455       0.066309   40    0.000000
    46     1   0.023970       0.012783   38    0.000000
    47     1   0.034964       0.012783   38    0.000000
    48     1   0.013899       0.038037   36    0.000000
    49     1   0.033336       0.038037   36    0.000000
    50     1   0.174034       0.126805   33    0.000000
    51     1   0.073344       0.126805   33    0.000000
    52     1   0.111545       0.126805   33    0.000000
    53     1   0.327288       0.327288  -99    0.000000
    54     1   0.133089       0.093281    0    0.000000
    55     1   0.129584       0.093281   54    0.000000
    56     1   0.118850       0.093281   54    0.000000
    57     1   0.393602       0.393602  -99    0.000000
    58     1   0.118930       0.148497   29    0.000000
    59     1   0.135119       0.148497   29    0.000000
    60     1   0.110397       0.148497   29    0.000000
    61     1   0.327288       0.327288  -99    0.000000
    62     1   0.159886       0.093281   54    0.000000
    63     1   0.140419       0.093281   54    0.000000
    64     1   0.149751       0.093281   54    0.000000

        Statistics of the fitting:
  The initial sum of squares (ssvpot)                      3.299
  The residual sum of squares (chipot)                     0.067
  The std err of estimate (sqrt(chipot/N))               0.00231
  ESP relative RMS (SQRT(chipot/ssvpot))                 0.14297

 Dipole Moment (Debye)=   6.19604
