-1295.61561400
-1295.61637750
-1295.61585370
-1295.61382980
-1295.61114970
-1295.60945950
-1295.60984660
-1295.61203590
-1295.61497190
-1295.61779280
-1295.62007280
-1295.62157370
-1295.62207660
-1295.62127180
-1295.61867500
-1295.61406980
-1295.61406980
-1295.60452320
-1295.60380300
-1295.60604600
-1295.60946260
-1295.61246190
-1295.61451160
-1295.61562320
-1295.61547970
-1295.61356730
-1295.61018090
-1295.60701800
-1295.60581190
-1295.60606300
-1295.60626870
-1295.60616290
-1295.60616290
-1295.60838020
-1295.61120280
-1295.61386250
