-1295.62353870
-1295.62298130
-1295.62191290
-1295.62065900
-1295.61954500
-1295.61863980
-1295.61752030
-1295.61492420
-1295.60796940
-1295.59162080
-1295.55907370
-1295.49589800
-1295.37738130
-1295.25627850
-1295.40985280
-1295.35793880
-1295.16980590
-1294.73310710
-1295.08814710
-1295.41539640
-1295.53984090
-1295.58484650
-1295.60399550
-1295.61448700
-1295.62004790
-1295.62200920
-1295.62164390
-1295.62041280
-1295.61941630
-1295.61909920
-1295.61948560
-1295.62041020
-1295.62159660
-1295.62270920
-1295.62343010
