-1295.62350190
-1295.62216970
-1295.61520310
-1295.58892040
-1295.52163950
-1295.40733380
-1295.40733380
-1295.40733380
-1294.81038080
-1294.29939540
-1294.77023870
-1295.17101590
-1295.23263560
-1295.39084610
-1295.49303490
-1295.54936770
-1295.57485210
-1295.58685650
-1295.59757330
-1295.60797220
-1295.61553050
-1295.61982730
-1295.62174990
-1295.62201630
-1295.62115440
-1295.61972600
-1295.61825460
-1295.61714400
-1295.61665000
-1295.61687560
-1295.61777250
-1295.61914220
-1295.62068260
-1295.62210050
-1295.62316410
