-1295.62403200
-1295.62235600
-1295.61610770
-1295.60529500
-1295.58994160
-1295.57010680
-1295.54591120
-1295.51754710
-1295.48527530
-1295.44940060
-1295.47720270
-1295.51001620
-1295.53888630
-1295.56367070
-1295.58432160
-1295.60072420
-1295.61262130
-1295.61975510
-1295.62207930
-1295.61981050
-1295.61325600
-1295.60256090
-1295.58762980
-1295.56829400
-1295.54451460
-1295.51643630
-1295.48433130
-1295.44854450
-1295.47762390
-1295.51054490
-1295.53961600
-1295.56461360
-1295.56461360
-1295.60176240
-1295.61370570
-1295.62114160
