-1295.61984000
-1295.62040030
-1295.62108560
-1295.62175370
-1295.62224180
-1295.62235420
-1295.62174500
-1295.61948510
-1295.61314430
-1295.59640070
-1295.55288550
-1295.46107230
-1295.37737510
-1295.34739720
-1295.30107140
-1295.11387580
-1295.44911630
-1295.55764410
-1295.58894510
-1295.59678150
-1295.60254140
-1295.60967120
-1295.61560780
-1295.61917800
-1295.62095770
-1295.62177480
-1295.62206800
-1295.62198220
-1295.62158760
-1295.62098920
-1295.62033840
-1295.61979870
-1295.61950230
-1295.61951780
