-1295.62326090
-1295.62270470
-1295.62149680
-1295.61996040
-1295.61849880
-1295.61748670
-1295.61717360
-1295.61763690
-1295.61878230
-1295.62032330
-1295.62174720
-1295.62243720
-1295.62198760
-1295.62045110
-1295.61826870
-1295.61597100
-1295.61396980
-1295.61261470
-1295.61229670
-1295.61326720
-1295.61531710
-1295.61780050
-1295.62001580
-1295.62150400
-1295.62207410
-1295.62173080
-1295.62065250
-1295.61918600
-1295.61778340
-1295.61687830
-1295.61675500
-1295.61746590
-1295.61882610
-1295.62047870
-1295.62199990
-1295.62300900
