-1295.62187420
-1295.62099070
-1295.61961720
-1295.61815990
-1295.61696530
-1295.61576370
-1295.61273800
-1295.60179910
-1295.57422100
-1295.52079860
-1295.39005660
-1295.10040870
-1294.75456730
-1294.92228750
-1295.26166820
-1295.34393790
-1295.30406430
-1295.25052280
-1295.26739640
-1295.45746370
-1295.55960250
-1295.59356020
-1295.60253190
-1295.60593720
-1295.60966120
-1295.61308050
-1295.61511170
-1295.61612900
-1295.61693840
-1295.61797400
-1295.61924270
-1295.62052770
-1295.62155050
-1295.62205660
