-1295.62203550
-1295.62094690
-1295.61866770
-1295.61599180
-1295.61373310
-1295.61227680
-1295.61173110
-1295.61224200
-1295.61392190
-1295.61647830
-1295.61911300
-1295.62093200
-1295.62142310
-1295.62057810
-1295.61865400
-1295.61589240
-1295.61263790
-1295.60975910
-1295.60853460
-1295.60964710
-1295.61246750
-1295.61568980
-1295.61837170
-1295.62015980
-1295.62094500
-1295.62070580
-1295.61959550
-1295.61791240
-1295.61600100
-1295.61433320
-1295.61355030
-1295.61410050
-1295.61581960
-1295.61807390
-1295.62020990
-1295.62169300
