-1295.60336990
-1295.60325820
-1295.60032800
-1295.59444310
-1295.58705300
-1295.58101480
-1295.57796300
-1295.57676900
-1295.57709660
-1295.58130330
-1295.58933030
-1295.59590930
-1295.59296400
-1295.56845850
-1295.50078260
-1295.35398560
-1295.17148710
-1295.21584690
-1295.35148990
-1295.47548090
-1295.55644810
-1295.59652580
-1295.61383420
-1295.62045860
-1295.62207910
-1295.62093890
-1295.61775110
-1295.61288390
-1295.60725810
-1295.60240600
-1295.59930730
-1295.59754510
-1295.59654890
-1295.59682290
-1295.59877750
-1295.60147470
