-1295.61767170
-1295.61178820
-1295.60285280
-1295.58978070
-1295.57155440
-1295.54732900
-1295.51397610
-1295.46775090
-1295.41801040
-1295.39386430
-1295.43347260
-1295.50397750
-1295.55564300
-1295.58435390
-1295.59825740
-1295.60447320
-1295.60720900
-1295.60860280
-1295.60924330
-1295.60872940
-1295.60664840
-1295.60301920
-1295.59769960
-1295.58953040
-1295.57664200
-1295.55914300
-1295.54339350
-1295.53912810
-1295.55047460
-1295.57076930
-1295.59035370
-1295.60506250
-1295.61474790
-1295.62015720
-1295.62205490
-1295.62108890
