
Resp charges for organic molecule                                               

iqopt   irstrnt  ihfree     qwt
  2      1      1        0.001000

 rel.rms   dipole mom       Qxx      Qyy      Qzz
    0.11365   8.30489 -67.81080  61.30692   6.50388

          Point charges before & after optimization
    NO   At.No.    q0           q(opt)   IVARY  d(rstr)/dq 
     1     6  -0.166949      -0.403462    0    0.002406
     2     7  -0.525431      -0.525431  -99    0.001870
     3     6   0.840772       0.840772  -99    0.001181
     4     8  -0.623633      -0.623633  -99    0.001583
     5     6   0.112428       0.112428  -99    0.006646
     6     6  -0.377563      -0.165593    0    0.005169
     7     6  -0.029780      -0.056478    0    0.008708
     8     6  -0.093352      -0.007906    0    0.009969
     9     6  -0.001990      -0.024527    0    0.009712
    10     6  -0.203463      -0.203463  -99    0.004411
    11     6  -0.203463      -0.203463  -99    0.004411
    12     6   0.060879      -0.024527    9    0.009712
    13     6  -0.120442      -0.007906    8    0.009969
    14     6  -0.138528      -0.056478    7    0.008708
    15     6   0.112428       0.112428  -99    0.006646
    16     6  -0.429182      -0.165593    6    0.005169
    17     7  -0.763989      -0.763989  -99    0.001298
    18     6   0.869077       0.869077  -99    0.001143
    19     6  -0.456408      -0.429884    0    0.002266
    20     8  -0.620799      -0.620799  -99    0.001590
    21     6   0.840772       0.840772  -99    0.001181
    22     8  -0.623633      -0.623633  -99    0.001583
    23     7  -0.525431      -0.525431  -99    0.001870
    24     6  -0.250822      -0.403462    1    0.002406
    25     7  -0.763989      -0.763989  -99    0.001298
    26     6   0.869077       0.869077  -99    0.001143
    27     6  -0.511810      -0.429884   19    0.002266
    28     8  -0.620799      -0.620799  -99    0.001590
    29     1   0.104401       0.166998    0    0.000000
    30     1   0.107325       0.166998   29    0.000000
    31     1   0.087298       0.166998   29    0.000000
    32     1   0.325768       0.325768  -99    0.000000
    33     1   0.113638       0.060654    0    0.000000
    34     1   0.098377       0.060654   33    0.000000
    35     1   0.142022       0.060654   33    0.000000
    36     1   0.061706       0.014075    0    0.000000
    37     1  -0.020198       0.014075   36    0.000000
    38     1   0.043583       0.017604    0    0.000000
    39     1   0.040231       0.017604   38    0.000000
    40     1   0.059268       0.057311    0    0.000000
    41     1   0.053832       0.057311   40    0.000000
    42     1   0.111625       0.111625  -99    0.000000
    43     1   0.111625       0.111625  -99    0.000000
    44     1   0.035131       0.057311   40    0.000000
    45     1   0.012028       0.057311   40    0.000000
    46     1   0.036282       0.017604   38    0.000000
    47     1   0.078143       0.017604   38    0.000000
    48     1   0.119832       0.014075   36    0.000000
    49     1   0.028804       0.014075   36    0.000000
    50     1   0.142794       0.060654   33    0.000000
    51     1   0.087491       0.060654   33    0.000000
    52     1   0.155226       0.060654   33    0.000000
    53     1   0.363698       0.363698  -99    0.000000
    54     1   0.125940       0.113620    0    0.000000
    55     1   0.130454       0.113620   54    0.000000
    56     1   0.116890       0.113620   54    0.000000
    57     1   0.325768       0.325768  -99    0.000000
    58     1   0.123039       0.166998   29    0.000000
    59     1   0.126596       0.166998   29    0.000000
    60     1   0.120872       0.166998   29    0.000000
    61     1   0.363698       0.363698  -99    0.000000
    62     1   0.147120       0.113620   54    0.000000
    63     1   0.114607       0.113620   54    0.000000
    64     1   0.151109       0.113620   54    0.000000

        Statistics of the fitting:
  The initial sum of squares (ssvpot)                      5.902
  The residual sum of squares (chipot)                     0.076
  The std err of estimate (sqrt(chipot/N))               0.00234
  ESP relative RMS (SQRT(chipot/ssvpot))                 0.11365

 Dipole Moment (Debye)=   8.30489
